
%    Tr    Ka Ta         Ke Te       Tb Tc     Kf Tf
EXc_sys=[...
    0.06  25  0.2    0.0505  0.5685   0 0   0.091  0.35 
    0.06  25  0.2    0.0505  0.5685   0 0   0.091  0.35 
    0    400 0.05    .17     0.95     0 0   0.04    1
    0    200 0.3775    1        0     0 0   0.0529  1
    0    400 0.05    .17      1       0 0   0.04    1
    0    250 0.06      1     0.613    0 0   0.53   0.33
    0.06  25 0.2     0.0497  0.560    0 0   0.0896 0.35     
    0    200 0.05    .17     2.15     0 0   0.04   1  
    0    256 0.05    .17     2.15     0 0   0.04   1 
    0     100 .02    0.02  0.1        0 0      0   0
    0    400  0.02    1   0.942       0 0     0.03   1
    ];
  EXc_sys(:,1)=20e-3;
  EXc_sys(:,2)=300;
  EXc_sys(:,3)=0.001;
  EXc_sys(:,4)=1;
  EXc_sys(:,5)=0;
  EXc_sys(:,8)=0.001;
  EXc_sys(:,9)=.1;

PSSMODEL=1;
  G1=1;   FL1=.1; KL1=10; FI1=.9; KI1=20; FH1=12; KH1=100;% rts96
  G2=1;   FL2=.1; KL2=10; FI2=.9; KI2=20; FH2=12; KH2=100;% rts96
  G3=1;   FL3=.1; KL3=10; FI3=.9; KI3=20; FH3=12; KH3=100;% rts96
  G=G3;   FL=FL3; KL=KL3; FI=FI3;KI=KI3; FH=FH3; KH=KH3;% rts96

Tr=20e-3;
Ka=400; Ta=0.1;
Ke=1;   Te=0;
Tb=0;  Tc=0;
Kf=0;   Tf=0;
Efmin=-5; Efmax=5;

